6583050 411398
6583058 411406
6583234 412396
6583497 412436
6583645 411501
6584059 411402
6584054 411396
6584622 414725
6584349 414449
6583994 414260
6583988 414235
6583979 414251
6583512 414709
6583192 414202
6583153 413610
6583406 414107
6583407 414129
6583430 414138
6583421 414119
6583437 413938
6583438 414125
6583799 412526
6583807 412514
6588307 412988
6583655 416685
6583715 416692
6583825 416105
6583828 416130
6583844 416129
6583852 416111
6583876 416144
6583968 415725
6583769 415708
6583764 415696
6583755 415706
6585076 415767
6585457 417050
6586398 416637
6582545 417518
6582549 417505
6585700 419414
6587486 417621
6586266 418963
6585543 418118
6585331 420810
6585485 420888
6587054 420893
6172956 384905
6175912 384548
6178508 384254
6172925 387009
6176797 385452
6177323 386739
6176304 387493
6175466 385861
6172653 387826
6172546 388902
6173975 387914
6177151 388039
6176693 388554
6176667 388557
6177245 388858
6176276 388302
6493853 565437
6494732 566921
6494721 566927
6494706 566905
6494712 566910
6494692 566927
6494688 566915
6494676 566916
6494672 566923
6494197 566433
6495499 565546
6495501 565564
6495511 565538
6495509 565552
6495524 565577
6495515 565544
6495514 565555
6495519 565549
6495530 565554
6495535 565568
6495534 565543
6495077 567089
6492638 568508
6493042 568343
6493942 568033
6493947 568034
6494568 569773
6494558 569776
6494530 569772
6495374 568925
6495380 568920
6495402 568932
6495442 568900
6495933 569178
6495939 569180
6495944 569171
6495530 569413
6495530 569382
6495514 569256
6495522 569400
6495513 569392
6495508 569368
6495497 569421
6495508 569253
6495492 569410
6495490 569396
6495491 569245
6495466 569411
6495464 569404
6495471 569428
6495459 569446
6495464 569423
6492128 570652
6491633 571467
6491641 571468
6493320 570588
6492730 570755
6492710 570742
6492643 571444
6492654 571460
6492787 571562
6492804 571555
6493020 571800
6493035 571806
6493109 571894
6493189 570888
6493577 572048
6495459 571435
6495467 571435
6495472 571431
6495537 571374
6495542 571380
6512879 615801
6512896 615799
6512910 615851
6512916 615788
6512905 615798
6512997 616099
6513015 616094
6514809 615934
6514377 616375
6515569 615004
6515585 614994
6517248 618400
7089721 755212
7089563 759025
7089569 759088
7089563 759096
7089561 759108
7088345 759993
7088336 759987
7088355 759965
7088341 759977
7087877 759064
7088758 758897
7089114 758808
7089115 758790
7088017 758362
7087774 758316
7087747 759043
7086565 760615
7087232 762012
7086691 762498
7085476 761556
7085784 761502
7089925 762284
7089908 762275
7088807 762220
7088216 762138
7088093 760157
7091014 761072
