6582515 412545
6582515 412695
6582515 412755
6582515 412965
6582515 413445
6582515 413475
6582515 413625
6582515 413685
6582515 413955
6582515 414135
6582515 414855
6582515 414885
6582515 414915
6582515 414975
6582545 412545
6582545 412995
6582545 413235
6582545 413415
6582545 413625
6582545 413655
6582545 414045
6582545 414165
6582545 414765
6582545 414825
6582545 414885
6582545 414915
6582575 412575
6582575 412935
6582575 413025
6582575 413205
6582575 413325
6582575 413385
6582575 413475
6582575 413535
6582575 414165
6582575 414645
6582575 414795
6582575 414825
6582575 414855
6582575 414885
6582575 414915
6582605 412575
6582605 412725
6582605 412905
6582605 412965
6582605 413025
6582605 413055
6582605 413235
6582605 413475
6582605 413535
6582605 413595
6582605 413985
6582605 414195
6582605 414675
6582605 414825
6582605 414915
6582605 414945
6582635 412605
6582635 412785
6582635 413085
6582635 413235
6582635 413265
6582635 413295
6582635 413445
6582635 413535
6582635 413565
6582635 413595
6582635 413685
6582635 413985
6582635 414315
6582635 414765
6582635 414825
6582635 414855
6582635 414885
6582635 414915
6582635 414945
6582635 414975
6582665 412605
6582665 412635
6582665 412755
6582665 413055
6582665 413115
6582665 413265
6582665 413325
6582665 413445
6582665 413475
6582665 413535
6582665 413775
6582665 414045
6582665 414255
6582665 414855
6582665 414945
6582665 414975
6582695 412635
6582695 413025
6582695 413295
6582695 413415
6582695 413475
6582695 413505
6582695 413595
6582695 413625
6582695 413985
6582695 414135
6582695 414225
6582695 414645
6582695 414735
6582695 414915
6582725 413025
6582725 413145
6582725 413355
6582725 413475
6582725 413715
6582725 414015
6582725 414135
6582725 414855
6582755 412665
6582755 412965
6582755 413175
6582755 413325
6582755 413535
6582755 413565
6582755 413625
6582755 413655
6582755 413685
6582755 414015
6582785 413325
6582785 413715
6582785 413745
6582785 414165
6582785 414465
6582785 414495
6582785 414525
6582815 412605
6582815 412695
6582815 412875
6582815 413325
6582815 413385
6582815 413475
6582815 413505
6582815 413535
6582815 413625
6582815 413655
6582815 413685
6582815 413715
6582815 413745
6582815 413865
6582815 414105
6582815 414405
6582815 414975
6582845 412605
6582845 412635
6582845 412755
6582845 413205
6582845 413355
6582845 413385
6582845 413685
6582845 413715
6582845 413745
6582845 414105
6582845 414705
6582875 412635
6582875 412725
6582875 412905
6582875 412995
6582875 413235
6582875 413325
6582875 413385
6582875 413415
6582875 413445
6582875 413685
6582875 413715
6582875 413745
6582875 413805
6582875 413925
6582875 413955
6582875 414015
6582875 414495
6582875 414525
6582875 414735
6582905 413385
6582905 413415
6582905 413505
6582905 413835
6582905 413985
6582905 414015
6582905 414255
6582905 414465
6582905 414735
6582905 414765
6582935 412755
6582935 412785
6582935 413235
6582935 413385
6582935 413415
6582935 413565
6582935 413685
6582935 413805
6582935 413835
6582935 413865
6582935 413925
6582935 413955
6582935 414045
6582935 414105
6582935 414465
6582935 414495
6582935 414555
6582935 414735
6582935 414765
6582965 412515
6582965 412545
6582965 412575
6582965 412605
6582965 412725
6582965 413385
6582965 413415
6582965 413565
6582965 413625
6582965 413775
6582965 413835
6582965 413865
6582965 413895
6582965 413925
6582965 413985
6582965 414105
6582965 414705
6582965 414735
6582995 412545
6582995 412605
6582995 413265
6582995 413385
6582995 413595
6582995 413775
6582995 413835
6582995 413865
6582995 413895
6582995 413925
6582995 414015
6582995 414045
6582995 414075
6582995 414135
6582995 414255
6582995 414525
6582995 414555
6583025 412695
6583025 412725
6583025 413265
6583025 413535
6583025 413565
6583025 413625
6583025 413745
6583025 413775
6583025 414105
6583025 414345
6583025 414825
6583025 414855
6583025 414885
6583025 414915
6583025 414975
6583055 412665
6583055 413055
6583055 413415
6583055 413565
6583055 413835
6583055 413985
6583055 414105
6583055 414135
6583055 414195
6583055 414375
6583055 414585
6583055 414645
6583055 414675
6583055 414735
6583055 414765
6583055 414795
6583055 414825
6583055 414855
6583055 414915
6583085 412545
6583085 412755
6583085 413085
6583085 413115
6583085 413325
6583085 413445
6583085 413475
6583085 413565
6583085 413775
6583085 413895
6583085 413985
6583085 414105
6583085 414135
6583085 414285
6583085 414315
6583085 414345
6583085 414405
6583085 414465
6583085 414495
6583085 414525
6583085 414555
6583085 414585
6583085 414615
6583085 414645
6583085 414675
6583085 414705
6583085 414735
6583085 414855
6583085 414885
6583085 414915
6583085 414945
6583085 414975
6583115 412755
6583115 412875
6583115 413325
6583115 413475
6583115 413505
6583115 413535
6583115 413685
6583115 413715
6583115 413835
6583115 413865
6583115 414015
6583115 414105
6583115 414315
6583115 414345
6583115 414375
6583115 414405
6583115 414435
6583115 414465
6583115 414495
6583115 414525
6583115 414615
6583115 414645
6583115 414675
6583115 414705
6583115 414735
6583115 414765
6583115 414885
6583115 414915
6583115 414945
6583115 414975
6583145 412875
6583145 413085
6583145 413115
6583145 413535
6583145 413565
6583145 413625
6583145 414015
6583145 414165
6583145 414195
6583145 414255
6583145 414285
6583145 414315
6583145 414615
6583145 414735
6583145 414825
6583145 414855
6583145 414975
6583175 412725
6583175 412815
6583175 412845
6583175 413355
6583175 413385
6583175 413655
6583175 413685
6583175 413715
6583175 414045
6583175 414075
6583175 414105
6583175 414135
6583175 414285
6583175 414315
6583175 414375
6583175 414555
6583175 414585
6583175 414735
6583175 414795
6583175 414825
6583175 414885
6583175 414915
6583175 414945
6583205 412545
6583205 412575
6583205 412815
6583205 412845
6583205 413085
6583205 413385
6583205 413685
6583205 413715
6583205 413745
6583205 414135
6583205 414165
6583205 414255
6583205 414645
6583205 414675
6583205 414735
6583205 414825
6583205 414885
6583205 414915
6583235 412695
6583235 412815
6583235 412875
6583235 412965
6583235 413085
6583235 413415
6583235 413445
6583235 413775
6583235 413805
6583235 414105
6583235 414135
6583235 414165
6583235 414345
6583235 414375
6583235 414405
6583235 414435
6583235 414525
6583265 412635
6583265 412815
6583265 412875
6583265 412935
6583265 413055
6583265 413115
6583265 413235
6583265 413295
6583265 413325
6583265 413355
6583265 413385
6583265 413415
6583265 413505
6583265 413805
6583265 413835
6583265 413865
6583265 413895
6583265 414135
6583265 414165
6583265 414195
6583265 414255
6583265 414285
6583265 414405
6583265 414435
6583265 414735
6583295 412695
6583295 412785
6583295 412815
6583295 412845
6583295 412905
6583295 413145
6583295 413445
6583295 413565
6583295 413595
6583295 413685
6583295 413895
6583295 413925
6583295 414015
6583295 414045
6583295 414225
6583295 414255
6583295 414525
6583295 414645
6583295 414765
6583325 412545
6583325 412575
6583325 412875
6583325 412905
6583325 412935
6583325 412965
6583325 412995
6583325 413205
6583325 413445
6583325 413475
6583325 413505
6583325 413655
6583325 413685
6583325 413715
6583325 413745
6583325 413775
6583325 414105
6583325 414135
6583325 414465
6583325 414675
6583355 412515
6583355 412545
6583355 412605
6583355 412635
6583355 412665
6583355 412695
6583355 412845
6583355 412905
6583355 413025
6583355 413205
6583355 413625
6583355 413685
6583355 413715
6583355 413745
6583355 413775
6583355 413805
6583355 413835
6583355 414045
6583355 414405
6583355 414435
6583355 414675
6583385 412515
6583385 412545
6583385 412635
6583385 412665
6583385 412725
6583385 412875
6583385 412905
6583385 412965
6583385 412995
6583385 413025
6583385 413145
6583385 413295
6583385 413325
6583385 413505
6583385 413805
6583385 413835
6583385 413865
6583385 413895
6583385 414195
6583385 414315
6583385 414345
6583385 414615
6583385 414645
6583415 412515
6583415 412545
6583415 412575
6583415 412605
6583415 412635
6583415 412725
6583415 412755
6583415 412785
6583415 412815
6583415 412845
6583415 412905
6583415 412935
6583415 412995
6583415 413145
6583415 413535
6583415 413625
6583415 414105
6583415 414255
6583415 414675
6583415 414705
6583415 414735
6583415 414975
6583445 412515
6583445 412545
6583445 412635
6583445 412725
6583445 412785
6583445 412815
6583445 412875
6583445 412905
6583445 413025
6583445 413055
6583445 413085
6583445 413115
6583445 413145
6583445 413175
6583445 413535
6583445 413955
6583445 413985
6583445 414015
6583445 414105
6583445 414705
6583475 412665
6583475 412725
6583475 412785
6583475 412815
6583475 412845
6583475 412905
6583475 412935
6583475 412965
6583475 412995
6583475 413115
6583475 413145
6583475 413175
6583475 413835
6583475 414045
6583475 414075
6583505 412515
6583505 412545
6583505 412575
6583505 412635
6583505 412725
6583505 412785
6583505 412905
6583505 412935
6583505 413145
6583505 413835
6583505 413865
6583505 414075
6583505 414105
6583505 414135
6583505 414165
6583505 414195
6583505 414225
6583505 414255
6583505 414285
6583505 414315
6583505 414405
6583505 414435
6583505 414465
6583505 414795
6583505 414825
6583505 414885
6583505 414975
6583535 412545
6583535 412575
6583535 412605
6583535 412635
6583535 412665
6583535 412695
6583535 412725
6583535 412875
6583535 412905
6583535 413085
6583535 413175
6583535 413805
6583535 413835
6583535 413865
6583535 413925
6583535 414075
6583535 414105
6583535 414135
6583535 414165
6583535 414225
6583535 414255
6583535 414285
6583535 414315
6583535 414525
6583535 414615
6583565 412515
6583565 412545
6583565 412605
6583565 412635
6583565 412695
6583565 412725
6583565 412785
6583565 412815
6583565 412875
6583565 412905
6583565 412935
6583565 412965
6583565 412995
6583565 413025
6583565 413085
6583565 413295
6583565 413805
6583565 413835
6583565 413895
6583565 413985
6583565 414045
6583565 414105
6583565 414135
6583565 414195
6583565 414225
6583565 414525
6583565 414795
6583565 414855
6583595 412605
6583595 412635
6583595 412695
6583595 412875
6583595 412905
6583595 412965
6583595 412995
6583595 413025
6583595 413055
6583595 413085
6583595 413115
6583595 413295
6583595 413355
6583595 413385
6583595 413565
6583595 414045
6583595 414195
6583595 414585
6583595 414825
6583595 414945
6583595 414975
6583625 412545
6583625 412665
6583625 412725
6583625 412875
6583625 412905
6583625 412935
6583625 412995
6583625 413055
6583625 413085
6583625 413115
6583625 413145
6583625 413175
6583625 413205
6583625 413835
6583625 413985
6583625 414015
6583625 414105
6583625 414195
6583625 414255
6583625 414885
6583625 414945
6583655 412665
6583655 412725
6583655 412755
6583655 412785
6583655 412845
6583655 413025
6583655 413145
6583655 413205
6583655 413235
6583655 413265
6583655 413295
6583655 413325
6583655 413385
6583655 413475
6583655 413955
6583655 414015
6583655 414795
6583655 414825
6583685 412545
6583685 412665
6583685 412785
6583685 413085
6583685 413175
6583685 413235
6583685 413355
6583685 413385
6583685 413415
6583685 413445
6583685 413475
6583685 413505
6583685 413595
6583685 413625
6583685 413655
6583685 413895
6583685 413985
6583685 414075
6583685 414585
6583685 414915
6583685 414945
6583685 414975
6583715 412695
6583715 412785
6583715 413025
6583715 413265
6583715 413295
6583715 413385
6583715 413415
6583715 413475
6583715 413505
6583715 413535
6583715 413565
6583715 413595
6583715 413625
6583715 413655
6583715 413805
6583715 413865
6583715 414195
6583715 414255
6583715 414285
6583715 414345
6583715 414405
6583715 414525
6583715 414585
6583715 414645
6583715 414765
6583715 414915
6583715 414945
6583715 414975
6583745 412695
6583745 412785
6583745 412815
6583745 412965
6583745 412995
6583745 413025
6583745 413235
6583745 413295
6583745 413355
6583745 413415
6583745 413625
6583745 413655
6583745 413685
6583745 413715
6583745 413865
6583745 414015
6583745 414075
6583745 414135
6583745 414585
6583745 414795
6583745 414915
6583745 414945
6583745 414975
6583775 412545
6583775 412575
6583775 412665
6583775 412785
6583775 412815
6583775 413025
6583775 413325
6583775 413355
6583775 413385
6583775 413475
6583775 413505
6583775 413565
6583775 413595
6583775 413715
6583775 413745
6583775 413805
6583775 413835
6583775 413865
6583775 413955
6583775 413985
6583775 414015
6583775 414045
6583775 414105
6583775 414135
6583775 414375
6583775 414585
6583775 414645
6583775 414765
6583805 412545
6583805 412635
6583805 412665
6583805 413355
6583805 413385
6583805 413505
6583805 413595
6583805 413625
6583805 413655
6583805 413805
6583805 413835
6583805 413925
6583805 413955
6583805 414045
6583805 414135
6583805 414195
6583805 414615
6583805 414945
6583835 412665
6583835 412695
6583835 413385
6583835 413445
6583835 413535
6583835 413565
6583835 413595
6583835 413625
6583835 413655
6583835 413685
6583835 413865
6583835 413955
6583835 413985
6583835 414015
6583835 414045
6583835 414075
6583835 414135
6583835 414585
6583835 414915
6583835 414945
6583835 414975
6583865 412725
6583865 413055
6583865 413175
6583865 413415
6583865 413445
6583865 413475
6583865 413505
6583865 413535
6583865 413565
6583865 413595
6583865 413625
6583865 413715
6583865 413895
6583865 414015
6583865 414045
6583865 414075
6583865 414225
6583865 414285
6583865 414885
6583865 414915
6583865 414945
6583895 412725
6583895 412785
6583895 413295
6583895 413325
6583895 413415
6583895 413445
6583895 413475
6583895 413505
6583895 413535
6583895 413565
6583895 413595
6583895 413775
6583895 413925
6583895 414015
6583895 414075
6583895 414255
6583895 414435
6583895 414855
6583895 414885
6583895 414915
6583925 412725
6583925 412755
6583925 412785
6583925 412875
6583925 413025
6583925 413325
6583925 413355
6583925 413415
6583925 413445
6583925 413535
6583925 413595
6583925 413655
6583925 413775
6583925 413955
6583925 414195
6583925 414315
6583925 414465
6583925 414525
6583925 414585
6583925 414825
6583925 414855
6583925 414885
6583925 414975
6583955 412725
6583955 412755
6583955 413025
6583955 413325
6583955 413355
6583955 413445
6583955 413895
6583955 413925
6583955 413955
6583955 413985
6583955 414105
6583955 414165
6583955 414195
6583955 414225
6583955 414285
6583955 414585
6583955 414705
6583955 414855
6583955 414945
6583985 412575
6583985 412665
6583985 412755
6583985 413295
6583985 413325
6583985 413385
6583985 413415
6583985 413625
6583985 413655
6583985 413835
6583985 413955
6583985 413985
6583985 414015
6583985 414045
6583985 414105
6583985 414225
6583985 414285
6583985 414465
6583985 414585
6583985 414705
6583985 414855
6583985 414885
6583985 414975
6584015 413055
6584015 413085
6584015 413295
6584015 413325
6584015 413565
6584015 413595
6584015 413625
6584015 413655
6584015 413805
6584015 413955
6584015 414045
6584015 414105
6584015 414225
6584015 414285
6584015 414465
6584045 412545
6584045 412665
6584045 412695
6584045 412725
6584045 412995
6584045 413025
6584045 413145
6584045 413475
6584045 413655
6584045 413865
6584045 413985
6584045 414045
6584045 414075
6584045 414105
6584045 414225
6584045 414255
6584045 414285
6584045 414315
6584045 414375
6584045 414435
6584045 414525
6584045 414795
6584045 414825
6584045 414975
6584075 412515
6584075 412545
6584075 412575
6584075 412725
6584075 412965
6584075 413025
6584075 413115
6584075 413265
6584075 413295
6584075 413355
6584075 413505
6584075 413535
6584075 413565
6584075 413595
6584075 413745
6584075 413805
6584075 413865
6584075 413895
6584075 413925
6584075 413955
6584075 414015
6584075 414045
6584075 414075
6584075 414105
6584075 414135
6584075 414165
6584075 414195
6584075 414225
6584075 414255
6584075 414285
6584075 414315
6584075 414525
6584075 414795
6584105 412575
6584105 413085
6584105 413145
6584105 413265
6584105 413295
6584105 413325
6584105 413535
6584105 413565
6584105 413595
6584105 413655
6584105 413745
6584105 413775
6584105 413835
6584105 413895
6584105 413925
6584105 413955
6584105 413985
6584105 414015
6584105 414075
6584105 414105
6584105 414135
6584105 414225
6584105 414315
6584105 414345
6584105 414585
6584135 412545
6584135 412575
6584135 412635
6584135 412965
6584135 413265
6584135 413295
6584135 413325
6584135 413355
6584135 413385
6584135 413475
6584135 413505
6584135 413595
6584135 413655
6584135 413685
6584135 413745
6584135 413775
6584135 413805
6584135 413835
6584135 413865
6584135 413925
6584135 413955
6584135 413985
6584135 414015
6584135 414045
6584135 414075
6584135 414105
6584135 414135
6584135 414315
6584135 414375
6584135 414495
6584165 412605
6584165 412785
6584165 413265
6584165 413295
6584165 413475
6584165 413505
6584165 413595
6584165 413685
6584165 413715
6584165 413745
6584165 413775
6584165 413805
6584165 413865
6584165 414015
6584165 414045
6584165 414075
6584165 414165
6584165 414255
6584165 414315
6584165 414345
6584165 414375
6584165 414585
6584195 412515
6584195 412815
6584195 413025
6584195 413265
6584195 413295
6584195 413445
6584195 413475
6584195 413505
6584195 413535
6584195 413565
6584195 413595
6584195 413685
6584195 413715
6584195 413745
6584195 413775
6584195 413805
6584195 413955
6584195 414015
6584195 414045
6584195 414075
6584195 414105
6584195 414165
6584195 414255
6584195 414285
6584195 414345
6584195 414375
6584195 414405
6584195 414585
6584195 414975
6584225 412515
6584225 412845
6584225 412875
6584225 413025
6584225 413265
6584225 413325
6584225 413475
6584225 413505
6584225 413535
6584225 413565
6584225 413595
6584225 413715
6584225 413745
6584225 413805
6584225 413925
6584225 414015
6584225 414075
6584225 414105
6584225 414135
6584225 414165
6584225 414195
6584225 414375
6584225 414525
6584225 414555
6584225 414585
6584225 414915
6584225 414945
6584255 412845
6584255 413265
6584255 413295
6584255 413355
6584255 413475
6584255 413505
6584255 413535
6584255 413565
6584255 413595
6584255 413625
6584255 413655
6584255 413715
6584255 413805
6584255 413835
6584255 413865
6584255 413895
6584255 413925
6584255 414015
6584255 414105
6584255 414165
6584255 414195
6584255 414315
6584255 414345
6584255 414375
6584255 414405
6584255 414525
6584255 414555
6584255 414585
6584255 414615
6584285 412575
6584285 412905
6584285 413085
6584285 413265
6584285 413295
6584285 413325
6584285 413445
6584285 413475
6584285 413595
6584285 413685
6584285 413715
6584285 413805
6584285 413895
6584285 413925
6584285 414225
6584285 414315
6584285 414495
6584285 414555
6584285 414615
6584285 414885
6584285 414945
6584315 412785
6584315 412875
6584315 412905
6584315 413265
6584315 413325
6584315 413445
6584315 413475
6584315 413835
6584315 413895
6584315 413955
6584315 414015
6584315 414075
6584315 414105
6584315 414225
6584315 414345
6584315 414375
6584315 414405
6584315 414435
6584345 412575
6584345 412815
6584345 412875
6584345 413235
6584345 413295
6584345 413325
6584345 413475
6584345 413565
6584345 413745
6584345 413895
6584345 413925
6584345 413955
6584345 413985
6584345 414015
6584345 414105
6584345 414165
6584345 414195
6584345 414225
6584345 414285
6584345 414495
6584345 414525
6584345 414915
6584375 412665
6584375 413175
6584375 413235
6584375 413295
6584375 413445
6584375 413475
6584375 413505
6584375 413655
6584375 413715
6584375 413745
6584375 413805
6584375 413835
6584375 413895
6584375 413925
6584375 414015
6584375 414075
6584375 414165
6584375 414315
6584375 414345
6584375 414465
6584405 412515
6584405 412575
6584405 412875
6584405 412905
6584405 413055
6584405 413175
6584405 413205
6584405 413235
6584405 413265
6584405 413475
6584405 413505
6584405 413565
6584405 413595
6584405 413685
6584405 413715
6584405 413745
6584405 413805
6584405 413835
6584405 413865
6584405 414105
6584405 414165
6584405 414225
6584405 414255
6584405 414315
6584405 414345
6584405 414375
6584405 414405
6584405 414435
6584405 414465
6584405 414675
6584405 414945
6584435 412665
6584435 413115
6584435 413145
6584435 413205
6584435 413265
6584435 413295
6584435 413355
6584435 413415
6584435 413475
6584435 413505
6584435 413535
6584435 413565
6584435 413595
6584435 413805
6584435 413865
6584435 413895
6584435 413985
6584435 414015
6584435 414045
6584435 414105
6584435 414135
6584435 414225
6584435 414375
6584435 414465
6584435 414975
6584465 412545
6584465 412605
6584465 413205
6584465 413235
6584465 413265
6584465 413355
6584465 413415
6584465 413445
6584465 413475
6584465 413505
6584465 413535
6584465 413565
6584465 413805
6584465 413835
6584465 413925
6584465 413985
6584465 414075
6584465 414105
6584465 414135
6584465 414315
6584465 414375
6584465 414465
6584465 414495
6584495 412515
6584495 412545
6584495 413145
6584495 413205
6584495 413235
6584495 413265
6584495 413415
6584495 413535
6584495 413565
6584495 413595
6584495 413625
6584495 413655
6584495 413685
6584495 413745
6584495 413775
6584495 413835
6584495 414015
6584495 414045
6584495 414105
6584495 414135
6584495 414165
6584495 414285
6584495 414345
6584495 414465
6584495 414555
6584525 412575
6584525 412635
6584525 412695
6584525 413175
6584525 413205
6584525 413235
6584525 413265
6584525 413445
6584525 413475
6584525 413505
6584525 413535
6584525 413565
6584525 413595
6584525 413625
6584525 413745
6584525 413775
6584525 413805
6584525 413835
6584525 413865
6584525 413925
6584525 414015
6584525 414045
6584525 414075
6584525 414225
6584525 414255
6584525 414315
6584525 414345
6584525 414375
6584525 414405
6584525 414495
6584555 412545
6584555 412995
6584555 413115
6584555 413175
6584555 413355
6584555 413385
6584555 413415
6584555 413505
6584555 413535
6584555 413565
6584555 413595
6584555 413745
6584555 413835
6584555 413955
6584555 413985
6584555 414105
6584555 414285
6584555 414315
6584555 414495
6584555 414645
6584555 414675
6584585 413055
6584585 413115
6584585 413175
6584585 413205
6584585 413415
6584585 413445
6584585 413475
6584585 413505
6584585 413535
6584585 413565
6584585 413595
6584585 413625
6584585 413895
6584585 413925
6584585 414015
6584585 414075
6584585 414135
6584585 414255
6584585 414285
6584585 414525
6584585 414645
6584585 414675
6584585 414735
6584615 412935
6584615 413115
6584615 413175
6584615 413415
6584615 413535
6584615 413565
6584615 413625
6584615 413745
6584615 413775
6584615 413985
6584615 414015
6584615 414045
6584615 414075
6584615 414165
6584615 414315
6584615 414675
6584645 412575
6584645 413085
6584645 413115
6584645 413175
6584645 413325
6584645 413355
6584645 413415
6584645 413595
6584645 413625
6584645 413835
6584645 413895
6584645 413955
6584645 413985
6584645 414015
6584645 414075
6584645 414165
6584645 414525
6584645 414675
6584645 414735
6584675 412605
6584675 412785
6584675 413025
6584675 413115
6584675 413145
6584675 413175
6584675 413325
6584675 413355
6584675 413505
6584675 413565
6584675 413595
6584675 413685
6584675 413745
6584675 413805
6584675 413835
6584675 414105
6584675 414165
6584675 414555
6584675 414585
6584675 414675
6584705 412695
6584705 412725
6584705 412965
6584705 412995
6584705 413025
6584705 413055
6584705 413145
6584705 413205
6584705 413355
6584705 413535
6584705 413565
6584705 413595
6584705 413925
6584705 413955
6584705 414555
6584705 414675
6584705 414855
6584735 412545
6584735 412605
6584735 412635
6584735 412785
6584735 412965
6584735 413085
6584735 413235
6584735 413295
6584735 413355
6584735 413385
6584735 413475
6584735 413505
6584735 413895
6584735 413925
6584735 413955
6584735 414105
6584735 414525
6584735 414585
6584735 414675
6584765 412515
6584765 412725
6584765 412785
6584765 413205
6584765 413235
6584765 413355
6584765 413685
6584765 413835
6584765 413925
6584765 413955
6584765 413985
6584765 414135
6584765 414165
6584765 414225
6584765 414585
6584765 414645
6584795 412545
6584795 412815
6584795 413175
6584795 413235
6584795 413325
6584795 413445
6584795 413865
6584795 413895
6584795 413955
6584795 414105
6584795 414645
6584795 414735
6584825 412545
6584825 412575
6584825 412785
6584825 412905
6584825 413205
6584825 413805
6584825 413925
6584825 414045
6584825 414075
6584825 414225
6584825 414555
6584825 414585
6584825 414615
6584825 414645
6584855 412755
6584855 413265
6584855 413955
6584855 413985
6584855 414045
6584855 414135
6584855 414555
6584855 414615
6584855 414675
6584885 412725
6584885 412875
6584885 413295
6584885 413325
6584885 413355
6584885 413895
6584885 414255
6584915 412815
6584915 413325
6584915 413355
6584915 413505
6584915 413865
6584915 414585
6584915 414615
6584915 414645
6584915 414735
6584945 413025
6584945 413265
6584945 413505
6584945 413535
6584945 413985
6584945 414555
6584945 414645
6584945 414735
6584945 414765
6584975 412635
6584975 412725
6584975 413295
6584975 413535
6584975 413565
6584975 413595
6584975 414045
6584975 414135
6584975 414645
6584975 414765
6584975 414795
6584975 414885
6582515 415075
6582515 415165
6582515 415345
6582515 415645
6582515 415885
6582515 415915
6582515 416065
6582515 416155
6582515 416185
6582515 416305
6582515 416395
6582515 416485
6582515 416665
6582515 416695
6582515 416785
6582515 416875
6582515 416905
6582515 417085
6582515 417145
6582515 417175
6582515 417265
6582515 417295
6582515 417325
6582515 417415
6582515 417445
6582545 415045
6582545 415075
6582545 415135
6582545 415165
6582545 415195
6582545 415405
6582545 415585
6582545 415735
6582545 415795
6582545 415945
6582545 415975
6582545 416005
6582545 416185
6582545 416305
6582545 416485
6582545 416545
6582545 416635
6582545 416725
6582545 416755
6582545 416785
6582545 416965
6582545 417265
6582545 417325
6582545 417385
6582545 417415
6582545 417445
6582575 415045
6582575 415165
6582575 415585
6582575 415735
6582575 415945
6582575 416065
6582575 416185
6582575 416245
6582575 416275
6582575 416425
6582575 416455
6582575 416485
6582575 416575
6582575 416665
6582575 416725
6582575 416785
6582575 416845
6582575 417025
6582575 417085
6582575 417145
6582575 417385
6582605 415015
6582605 415135
6582605 415405
6582605 415705
6582605 415765
6582605 416035
6582605 416155
6582605 416245
6582605 416275
6582605 416335
6582605 416425
6582605 416575
6582605 416665
6582605 416725
6582605 416755
6582605 416875
6582605 416965
6582605 417085
6582605 417145
6582605 417295
6582605 417385
6582605 417415
6582605 417445
6582635 415075
6582635 415285
6582635 415705
6582635 415975
6582635 416095
6582635 416185
6582635 416245
6582635 416335
6582635 416425
6582635 416455
6582635 416515
6582635 416605
6582635 416635
6582635 416665
6582635 416725
6582635 416815
6582635 416845
6582635 416875
6582635 416905
6582635 417025
6582635 417115
6582635 417175
6582635 417205
6582635 417265
6582665 415015
6582665 415045
6582665 415075
6582665 415105
6582665 415135
6582665 415225
6582665 415315
6582665 415645
6582665 416155
6582665 416185
6582665 416215
6582665 416275
6582665 416365
6582665 416395
6582665 416455
6582665 416485
6582665 416575
6582665 416605
6582665 416635
6582665 416725
6582665 417025
6582665 417085
6582665 417115
6582665 417145
6582665 417265
6582665 417295
6582695 415015
6582695 415045
6582695 415075
6582695 415105
6582695 415405
6582695 415585
6582695 416155
6582695 416245
6582695 416365
6582695 416395
6582695 416485
6582695 416515
6582695 416635
6582695 416665
6582695 416695
6582695 416725
6582695 417025
6582695 417325
6582695 417355
6582725 415015
6582725 415045
6582725 415405
6582725 415555
6582725 415615
6582725 416155
6582725 416185
6582725 416215
6582725 416365
6582725 416395
6582725 416425
6582725 416575
6582725 416635
6582725 416725
6582725 416755
6582725 417175
6582725 417445
6582755 415015
6582755 415435
6582755 415495
6582755 416095
6582755 416125
6582755 416155
6582755 416215
6582755 416485
6582755 416515
6582755 416545
6582755 416575
6582755 416635
6582755 416695
6582755 416725
6582755 416755
6582755 416965
6582755 417025
6582755 417115
6582755 417145
6582755 417175
6582755 417235
6582755 417295
6582755 417355
6582755 417445
6582785 415465
6582785 415525
6582785 415555
6582785 415675
6582785 415705
6582785 415915
6582785 416095
6582785 416155
6582785 416215
6582785 416245
6582785 416695
6582785 416725
6582785 417055
6582785 417085
6582785 417145
6582785 417175
6582785 417295
6582785 417445
6582815 415105
6582815 415195
6582815 415315
6582815 415375
6582815 415465
6582815 415645
6582815 415885
6582815 416125
6582815 416215
6582815 416245
6582815 416575
6582815 416755
6582815 416815
6582815 416845
6582815 416875
6582815 416905
6582815 416935
6582815 417055
6582815 417085
6582815 417145
6582815 417295
6582815 417325
6582815 417415
6582815 417445
6582845 415075
6582845 415105
6582845 415135
6582845 415165
6582845 415285
6582845 415315
6582845 415405
6582845 415465
6582845 415525
6582845 415885
6582845 416065
6582845 416155
6582845 416185
6582845 416215
6582845 416455
6582845 416485
6582845 417115
6582845 417145
6582845 417175
6582845 417415
6582845 417445
6582875 415105
6582875 415135
6582875 415255
6582875 415315
6582875 415345
6582875 415465
6582875 416095
6582875 416155
6582875 416185
6582875 416695
6582875 416725
6582875 416875
6582875 416905
6582875 416995
6582875 417115
6582875 417445
6582905 415045
6582905 415105
6582905 415135
6582905 415225
6582905 415465
6582905 415615
6582905 416095
6582905 416185
6582905 416365
6582905 416455
6582905 416905
6582905 416995
6582905 417025
6582905 417085
6582905 417445
6582935 415075
6582935 415105
6582935 415195
6582935 415225
6582935 415255
6582935 415285
6582935 415315
6582935 415495
6582935 415555
6582935 415825
6582935 415945
6582935 416005
6582935 416095
6582935 416125
6582935 416365
6582935 416395
6582935 416575
6582935 416605
6582935 417385
6582935 417415
6582935 417445
6582965 415015
6582965 415045
6582965 415075
6582965 415105
6582965 415195
6582965 415225
6582965 415465
6582965 415525
6582965 415555
6582965 415645
6582965 416095
6582965 416125
6582965 416545
6582965 416935
6582965 417235
6582965 417265
6582965 417445
6582995 415015
6582995 415105
6582995 415165
6582995 415405
6582995 415465
6582995 415765
6582995 416245
6582995 416635
6582995 416665
6582995 417265
6582995 417295
6582995 417325
6582995 417385
6582995 417445
6583025 415015
6583025 415045
6583025 415135
6583025 415195
6583025 415225
6583025 415255
6583025 415405
6583025 415585
6583025 415735
6583025 415765
6583025 415795
6583025 416005
6583025 416155
6583025 416665
6583025 417145
6583025 417235
6583025 417265
6583025 417325
6583025 417415
6583055 415015
6583055 415045
6583055 415225
6583055 415255
6583055 415285
6583055 415525
6583055 415705
6583055 415735
6583055 415765
6583055 415915
6583055 415975
6583055 416035
6583055 416095
6583055 416125
6583055 416905
6583055 417265
6583055 417325
6583055 417355
6583055 417385
6583085 415015
6583085 415105
6583085 415195
6583085 415225
6583085 415255
6583085 415285
6583085 415555
6583085 415765
6583085 415855
6583085 416245
6583085 416905
6583085 416935
6583085 416995
6583085 417025
6583085 417055
6583085 417175
6583085 417205
6583085 417235
6583085 417295
6583115 415135
6583115 415165
6583115 415195
6583115 415225
6583115 415255
6583115 415285
6583115 415315
6583115 415435
6583115 415495
6583115 415555
6583115 415615
6583115 415945
6583115 415975
6583115 416125
6583115 416455
6583115 416905
6583115 416935
6583115 417205
6583115 417265
6583115 417295
6583115 417325
6583145 415225
6583145 415285
6583145 415315
6583145 415405
6583145 415495
6583145 415555
6583145 415645
6583145 415705
6583145 415885
6583145 416035
6583145 416095
6583145 416185
6583145 416455
6583145 416815
6583145 416875
6583145 416905
6583145 417115
6583145 417205
6583175 415285
6583175 415315
6583175 415345
6583175 415375
6583175 415405
6583175 415435
6583175 415705
6583175 416155
6583175 416185
6583175 416215
6583175 416365
6583175 416395
6583175 416875
6583175 417115
6583175 417265
6583175 417295
6583205 415345
6583205 415375
6583205 415405
6583205 415495
6583205 415555
6583205 415825
6583205 415885
6583205 415945
6583205 415975
6583205 416005
6583205 416125
6583205 416155
6583205 416185
6583205 416215
6583205 416845
6583205 416875
6583205 416965
6583205 417055
6583205 417085
6583205 417115
6583205 417235
6583205 417295
6583205 417445
6583235 415255
6583235 415375
6583235 415405
6583235 415435
6583235 415735
6583235 416125
6583235 416155
6583235 416185
6583235 416215
6583235 416245
6583235 416785
6583235 416845
6583235 416935
6583235 417055
6583235 417115
6583235 417145
6583235 417235
6583235 417355
6583265 415075
6583265 415105
6583265 415255
6583265 415315
6583265 415405
6583265 415675
6583265 415735
6583265 415945
6583265 416125
6583265 416185
6583265 416275
6583265 416515
6583265 416725
6583265 416755
6583265 416995
6583265 417055
6583265 417085
6583265 417205
6583265 417385
6583265 417475
6583295 415105
6583295 415225
6583295 415315
6583295 415375
6583295 415435
6583295 415525
6583295 416125
6583295 416245
6583295 416515
6583295 416635
6583295 416725
6583295 416965
6583295 416995
6583295 417025
6583295 417055
6583295 417085
6583295 417145
6583295 417175
6583295 417325
6583295 417355
6583325 415285
6583325 415435
6583325 415465
6583325 415525
6583325 415555
6583325 415705
6583325 415975
6583325 416125
6583325 416155
6583325 416215
6583325 416275
6583325 416515
6583325 416755
6583325 416905
6583325 416965
6583325 417025
6583325 417085
6583325 417115
6583325 417145
6583325 417295
6583325 417475
6583355 415015
6583355 415075
6583355 415135
6583355 415225
6583355 415315
6583355 415435
6583355 415555
6583355 415585
6583355 415675
6583355 415705
6583355 415795
6583355 416155
6583355 416185
6583355 416215
6583355 416275
6583355 416635
6583355 416665
6583355 416755
6583355 416935
6583355 417085
6583355 417115
6583355 417235
6583385 415015
6583385 415105
6583385 415135
6583385 415165
6583385 415195
6583385 415315
6583385 415375
6583385 415435
6583385 415525
6583385 415585
6583385 415615
6583385 415645
6583385 415735
6583385 415795
6583385 415885
6583385 415975
6583385 416005
6583385 416065
6583385 416155
6583385 416275
6583385 416635
6583385 416695
6583385 416755
6583385 416785
6583385 416995
6583385 417085
6583385 417205
6583415 415285
6583415 415645
6583415 415675
6583415 415735
6583415 416305
6583415 416635
6583415 416725
6583415 417025
6583415 417055
6583415 417085
6583415 417145
6583415 417175
6583445 415015
6583445 415195
6583445 415375
6583445 415675
6583445 415705
6583445 415945
6583445 416095
6583445 416155
6583445 416185
6583445 416215
6583445 416515
6583445 416575
6583445 416665
6583445 417025
6583445 417145
6583475 415105
6583475 415135
6583475 415315
6583475 415345
6583475 415375
6583475 415525
6583475 415675
6583475 415705
6583475 415735
6583475 416065
6583475 416155
6583475 416215
6583475 416425
6583475 416455
6583475 416485
6583475 416575
6583475 416605
6583475 416725
6583475 416785
6583475 416815
6583475 416935
6583475 416995
6583475 417115
6583475 417445
6583505 415105
6583505 415285
6583505 415315
6583505 415375
6583505 415435
6583505 415525
6583505 415555
6583505 415675
6583505 415705
6583505 415855
6583505 416035
6583505 416095
6583505 416125
6583505 416155
6583505 416455
6583505 416485
6583505 416515
6583505 416545
6583505 416635
6583505 416665
6583505 416845
6583505 416935
6583505 417085
6583505 417205
6583505 417475
6583535 415165
6583535 415225
6583535 415255
6583535 415705
6583535 415795
6583535 415885
6583535 415915
6583535 415975
6583535 416185
6583535 416245
6583535 416395
6583535 416425
6583535 416455
6583535 416485
6583535 416515
6583535 416545
6583535 416665
6583535 416695
6583535 416785
6583535 416815
6583535 416845
6583535 416875
6583535 416905
6583535 417055
6583565 415435
6583565 415675
6583565 415705
6583565 415765
6583565 415795
6583565 415885
6583565 416065
6583565 416095
6583565 416155
6583565 416185
6583565 416275
6583565 416395
6583565 416425
6583565 416545
6583565 416605
6583565 416695
6583565 416755
6583565 416815
6583565 416845
6583565 416875
6583565 417025
6583565 417145
6583595 415465
6583595 415885
6583595 415945
6583595 415975
6583595 416065
6583595 416185
6583595 416215
6583595 416305
6583595 416335
6583595 416395
6583595 416485
6583595 416515
6583595 416545
6583595 416575
6583595 416605
6583595 416635
6583595 416665
6583595 416695
6583595 416725
6583595 416815
6583595 416965
6583595 416995
6583595 417025
6583595 417145
6583625 415015
6583625 415435
6583625 415855
6583625 415885
6583625 415975
6583625 416095
6583625 416215
6583625 416425
6583625 416485
6583625 416515
6583625 416575
6583625 416665
6583625 416695
6583625 416755
6583625 416785
6583625 416935
6583625 417085
6583625 417115
6583625 417175
6583655 415045
6583655 415195
6583655 415225
6583655 415405
6583655 415465
6583655 415495
6583655 415555
6583655 415945
6583655 416005
6583655 416065
6583655 416095
6583655 416125
6583655 416155
6583655 416215
6583655 416245
6583655 416275
6583655 416335
6583655 416545
6583655 416725
6583655 416845
6583655 416905
6583655 417085
6583655 417355
6583655 417385
6583655 417415
6583685 415225
6583685 415255
6583685 415465
6583685 415555
6583685 415735
6583685 415975
6583685 416035
6583685 416095
6583685 416125
6583685 416155
6583685 416185
6583685 416245
6583685 416425
6583685 416515
6583685 416545
6583685 416575
6583685 416635
6583685 417385
6583685 417415
6583715 415255
6583715 415465
6583715 415495
6583715 415645
6583715 416035
6583715 416065
6583715 416485
6583715 416605
6583715 416875
6583715 417265
6583715 417295
6583715 417415
6583715 417445
6583745 415015
6583745 415075
6583745 415165
6583745 415195
6583745 415225
6583745 415255
6583745 415285
6583745 415315
6583745 415345
6583745 415375
6583745 415945
6583745 416035
6583745 416065
6583745 416095
6583745 416185
6583745 416845
6583775 415135
6583775 416005
6583775 416035
6583775 416155
6583775 416185
6583775 416245
6583775 416275
6583775 416365
6583775 416395
6583775 416425
6583775 416665
6583775 416695
6583775 416785
6583805 415555
6583805 416605
6583805 416635
6583805 416755
6583805 416785
6583835 415135
6583835 416185
6583835 416635
6583835 416695
6583865 415225
6583865 415255
6583865 415285
6583865 416125
6583865 416185
6583865 416215
6583865 416665
6583865 416695
6583865 416875
6583895 415465
6583895 415735
6583895 416245
6583895 417055
6583895 417085
6583895 417175
6583895 417205
6583895 417235
6583895 417265
6583895 417295
6583895 417325
6583895 417355
6583895 417385
6583895 417445
6583925 415135
6583925 415255
6583925 415405
6583925 415795
6583925 416275
6583925 416785
6583925 416815
6583925 416845
6583925 416875
6583925 417265
6583925 417355
6583925 417475
6583955 415045
6583955 415675
6583955 415705
6583955 415915
6583955 416335
6583955 416395
6583955 416425
6583955 416485
6583955 416515
6583955 416605
6583955 417055
6583955 417235
6583955 417265
6583955 417295
6583955 417325
6583955 417355
6583955 417385
6583955 417415
6583955 417445
6583985 415165
6583985 415225
6583985 415495
6583985 415765
6583985 416245
6583985 416275
6583985 416575
6583985 416725
6583985 416755
6583985 416785
6583985 416815
6583985 416845
6583985 416965
6583985 417265
6583985 417295
6583985 417325
6583985 417385
6583985 417415
6583985 417445
6584015 415885
6584015 416125
6584015 416305
6584015 416335
6584015 416605
6584015 416695
6584015 417205
6584015 417385
6584015 417415
6584015 417475
6584045 415465
6584045 415525
6584045 416335
6584045 416605
6584045 416665
6584045 416695
6584045 416725
6584045 417385
6584045 417475
6584075 415465
6584075 416035
6584075 416245
6584075 417235
6584075 417355
6584075 417415
6584075 417445
6584105 415255
6584105 415285
6584105 415465
6584105 415645
6584105 415705
6584105 416095
6584105 416125
6584105 416395
6584105 416425
6584105 417115
6584105 417235
6584105 417355
6584105 417385
6584105 417445
6584135 415405
6584135 415435
6584135 415765
6584135 415795
6584135 416095
6584135 416125
6584135 416155
6584135 416425
6584135 416455
6584135 416635
6584135 416665
6584135 416935
6584135 416965
6584135 416995
6584135 417145
6584135 417205
6584135 417235
6584135 417265
6584135 417295
6584135 417355
6584165 415195
6584165 415405
6584165 415705
6584165 415795
6584165 416245
6584165 416455
6584165 416485
6584165 416515
6584165 416635
6584165 416845
6584165 416905
6584165 417085
6584165 417115
6584165 417175
6584165 417205
6584165 417235
6584165 417265
6584165 417295
6584165 417385
6584195 415045
6584195 415615
6584195 415825
6584195 415855
6584195 416185
6584195 416395
6584195 416455
6584195 416485
6584195 416515
6584195 416545
6584195 416575
6584195 416725
6584195 416815
6584195 417145
6584195 417175
6584195 417205
6584195 417265
6584195 417325
6584225 415165
6584225 415465
6584225 415645
6584225 415765
6584225 415825
6584225 415975
6584225 416155
6584225 416245
6584225 416545
6584225 416665
6584225 417205
6584225 417235
6584225 417325
6584255 415015
6584255 415165
6584255 415465
6584255 415615
6584255 415645
6584255 415675
6584255 415885
6584255 416155
6584255 416185
6584255 416245
6584255 416365
6584255 416575
6584255 416725
6584255 416905
6584255 416935
6584255 416965
6584255 417025
6584255 417055
6584255 417085
6584255 417115
6584255 417145
6584255 417235
6584255 417265
6584255 417385
6584255 417415
6584255 417445
6584285 415495
6584285 415555
6584285 415675
6584285 415855
6584285 415885
6584285 415945
6584285 416035
6584285 416185
6584285 416215
6584285 416275
6584285 416455
6584285 416785
6584285 417205
6584285 417265
6584285 417325
6584285 417355
6584285 417385
6584285 417415
6584285 417445
6584285 417475
6584315 415465
6584315 415495
6584315 416425
6584315 416635
6584315 416695
6584315 417355
6584345 415135
6584345 415405
6584345 415465
6584345 415525
6584345 416515
6584345 416605
6584345 416635
6584345 416785
6584375 415195
6584375 416605
6584375 416635
6584375 416785
6584375 416815
6584405 415225
6584405 415435
6584405 415525
6584405 415885
6584405 416155
6584405 416425
6584405 416635
6584435 415255
6584435 415765
6584435 416035
6584435 416185
6584435 416215
6584435 416635
6584465 415705
6584465 416095
6584465 416125
6584465 416155
6584465 416185
6584465 416605
6584465 416635
6584465 416695
6584495 415225
6584495 415675
6584495 415705
6584495 415765
6584495 416095
6584495 416155
6584495 416545
6584495 416575
6584495 416635
6584495 416725
6584495 416755
6584525 415195
6584525 415225
6584525 415675
6584525 415735
6584525 415765
6584525 416575
6584525 416605
6584525 416725
6584525 416755
6584555 415255
6584555 415765
6584555 416125
6584555 416455
6584555 416605
6584555 416695
6584555 416755
6584585 415255
6584585 415465
6584585 415675
6584585 415735
6584585 415765
6584585 416605
6584585 416665
6584585 416755
6584615 415255
6584615 415315
6584615 415465
6584615 415735
6584615 415765
6584615 415795
6584615 415975
6584615 416005
6584615 416155
6584615 416515
6584615 416605
6584615 416665
6584615 416815
6584645 415435
6584645 415465
6584645 415495
6584645 415765
6584645 415795
6584645 415975
6584645 416125
6584645 416485
6584645 416515
6584645 416545
6584645 416575
6584645 416605
6584645 416665
6584645 416695
6584645 416815
6584675 415315
6584675 415465
6584675 415795
6584675 416515
6584675 416545
6584675 416575
6584675 416695
6584675 416815
6584675 416905
6584705 415825
6584705 416005
6584705 416065
6584705 416275
6584705 416395
6584705 416695
6584705 416785
6584705 416965
6584705 416995
6584705 417025
6584735 415345
6584735 415555
6584735 415705
6584735 415735
6584735 415765
6584735 415825
6584735 416035
6584735 416065
6584735 416665
6584735 416695
6584735 416725
6584735 416785
6584735 416815
6584735 416965
6584735 416995
6584735 417025
6584735 417055
6584735 417085
6584765 415315
6584765 415375
6584765 416515
6584765 416725
6584765 416935
6584765 416965
6584765 416995
6584765 417025
6584765 417055
6584795 415255
6584795 415315
6584795 415345
6584795 415645
6584795 415675
6584795 415735
6584795 415765
6584795 415855
6584795 415885
6584795 416605
6584795 416635
6584795 416755
6584795 416815
6584795 416905
6584795 416935
6584795 416995
6584795 417025
6584795 417085
6584825 415315
6584825 415345
6584825 415675
6584825 415705
6584825 415825
6584825 416275
6584825 416395
6584825 416605
6584825 416695
6584825 416755
6584825 416875
6584825 416995
6584825 417025
6584825 417085
6584825 417175
6584855 415285
6584855 415405
6584855 415435
6584855 415615
6584855 415735
6584855 415855
6584855 415885
6584855 416035
6584855 416215
6584855 416245
6584855 416755
6584855 416815
6584855 416845
6584855 417025
6584855 417055
6584855 417145
6584855 417175
6584855 417205
6584885 415285
6584885 415825
6584885 415855
6584885 416095
6584885 416125
6584885 416215
6584885 416605
6584885 416725
6584885 416755
6584885 416785
6584885 416815
6584885 416845
6584885 416875
6584885 416935
6584885 417085
6584885 417145
6584885 417175
6584885 417205
6584885 417235
6584885 417295
6584915 415645
6584915 415795
6584915 415825
6584915 415885
6584915 416005
6584915 416035
6584915 416215
6584915 416515
6584915 416575
6584915 416635
6584915 416755
6584915 416785
6584915 416875
6584915 417085
6584915 417115
6584915 417175
6584915 417355
6584945 415435
6584945 415495
6584945 415675
6584945 415735
6584945 415765
6584945 415795
6584945 415855
6584945 415885
6584945 416035
6584945 416155
6584945 416515
6584945 416575
6584945 416725
6584945 416785
6584945 416875
6584945 417115
6584945 417145
6584945 417205
6584945 417265
6584945 417295
6584945 417355
6584975 415255
6584975 415435
6584975 415615
6584975 415735
6584975 415765
6584975 415795
6584975 415825
6584975 415855
6584975 415945
6584975 416515
6584975 416605
6584975 416635
6584975 416785
6584975 416815
6584975 416875
6584975 416905
6584975 417025
6584975 417325
6584975 417445
